1 Вінниця 636951960000000000 23
2 Луцьк 636952392000000000 27
3 Дніпро 636953292000000000 27
4 Житомир 636953760000000000 27
5 Ужгород 636954624000000000 27
6 Запоріжжя 636955488000000000 27
7 Івано-франківськ 636956352000000000 27
8 Львів 636961320000000000 27
9 Миколаїв 636961032000000000 27
10 Одеса 636960960000000000 26
11 Полтава 636959808000000000 27
12 Рівне 636960888000000000 27
13 Суми 636961536000000000 25
15 Харків 636963264000000000 27
16 Херсон 636964128000000000 27
17 Хмельницький 636964992000000000 26
18 Черкаси 636965856000000000 27
19 Чернівці 636967275000000000 20
20 Чернігів 636968322000000000 26
21 Одеса 636970752000000000 27
22 Одеса 636971220000000000 27
